-30 -22  50 35   -30 -22
-30 -22  50 35   -30 -21
-30 -22  50 35   -30 -20
-30 -22  50 35   -30 -19
-30 -22  50 35   -30 -18
-30 -22  50 35   -30 -17
-30 -22  50 35   -30 -16
-30 -22  50 35   -30 -15
-30 -22  50 35   -30 -14
-30 -22  50 35   -30 -13
-30 -22  50 35   -30 -12
-30 -22  50 35   -30 -11
-30 -22  50 35   -30 -10
-30 -22  50 35   -30 -9
-30 -22  50 35   -30 -8
-30 -22  50 35   -30 -7
-30 -22  50 35   -30 -6
-30 -22  50 35   -30 -5
-30 -22  50 35   -30 -4
-30 -22  50 35   -30 -3
-30 -22  50 35   -30 -2
-30 -22  50 35   -30 -1
-30 -22  50 35   -30 0
-30 -22  50 35   -30 1
-30 -22  50 35   -30 2
-30 -22  50 35   -30 3
-30 -22  50 35   -30 4
-30 -22  50 35   -30 5
-30 -22  50 35   -30 6
-30 -22  50 35   -30 7
-30 -22  50 35   -30 8
-30 -22  50 35   -30 9
-30 -22  50 35   -30 10
-30 -22  50 35   -30 11
-30 -22  50 35   -30 12
-30 -22  50 35   -30 13
-30 -22  50 35   -30 14
-30 -22  50 35   -30 15
-30 -22  50 35   -30 16
-30 -22  50 35   -30 17
-30 -22  50 35   -30 18
-30 -22  50 35   -30 19
-30 -22  50 35   -30 20
-30 -22  50 35   -30 21
-30 -22  50 35   -30 22
-30 -22  50 35   -30 23
-30 -22  50 35   -30 24
-30 -22  50 35   -30 25
-30 -22  50 35   -30 26
-30 -22  50 35   -30 27
-30 -22  50 35   -30 28
-30 -22  50 35   -30 29
-30 -22  50 35   -30 30
-30 -22  50 35   -30 31
-30 -22  50 35   -30 32
-30 -22  50 35   -30 33
-30 -22  50 35   -30 34
-30 -22  50 35   -30 35
