-30 -22  50 35   -30 -22
-30 -22  50 35   -29 -22
-30 -22  50 35   -28 -22
-30 -22  50 35   -27 -22
-30 -22  50 35   -26 -22
-30 -22  50 35   -25 -22
-30 -22  50 35   -24 -22
-30 -22  50 35   -23 -22
-30 -22  50 35   -22 -22
-30 -22  50 35   -21 -22
-30 -22  50 35   -20 -22
-30 -22  50 35   -19 -22
-30 -22  50 35   -18 -22
-30 -22  50 35   -17 -22
-30 -22  50 35   -16 -22
-30 -22  50 35   -15 -22
-30 -22  50 35   -14 -22
-30 -22  50 35   -13 -22
-30 -22  50 35   -12 -22
-30 -22  50 35   -11 -22
-30 -22  50 35   -10 -22
-30 -22  50 35   -9 -22
-30 -22  50 35   -8 -22
-30 -22  50 35   -7 -22
-30 -22  50 35   -6 -22
-30 -22  50 35   -5 -22
-30 -22  50 35   -4 -22
-30 -22  50 35   -3 -22
-30 -22  50 35   -2 -22
-30 -22  50 35   -1 -22
-30 -22  50 35   0 -22
-30 -22  50 35   1 -22
-30 -22  50 35   2 -22
-30 -22  50 35   3 -22
-30 -22  50 35   4 -22
-30 -22  50 35   5 -22
-30 -22  50 35   6 -22
-30 -22  50 35   7 -22
-30 -22  50 35   8 -22
-30 -22  50 35   9 -22
-30 -22  50 35   10 -22
-30 -22  50 35   11 -22
-30 -22  50 35   12 -22
-30 -22  50 35   13 -22
-30 -22  50 35   14 -22
-30 -22  50 35   15 -22
-30 -22  50 35   16 -22
-30 -22  50 35   17 -22
-30 -22  50 35   18 -22
-30 -22  50 35   19 -22
-30 -22  50 35   20 -22
-30 -22  50 35   21 -22
-30 -22  50 35   22 -22
-30 -22  50 35   23 -22
-30 -22  50 35   24 -22
-30 -22  50 35   25 -22
-30 -22  50 35   26 -22
-30 -22  50 35   27 -22
-30 -22  50 35   28 -22
-30 -22  50 35   29 -22
-30 -22  50 35   30 -22
-30 -22  50 35   31 -22
-30 -22  50 35   32 -22
-30 -22  50 35   33 -22
-30 -22  50 35   34 -22
-30 -22  50 35   35 -22
-30 -22  50 35   36 -22
-30 -22  50 35   37 -22
-30 -22  50 35   38 -22
-30 -22  50 35   39 -22
-30 -22  50 35   40 -22
-30 -22  50 35   41 -22
-30 -22  50 35   42 -22
-30 -22  50 35   43 -22
-30 -22  50 35   44 -22
-30 -22  50 35   45 -22
-30 -22  50 35   46 -22
-30 -22  50 35   47 -22
-30 -22  50 35   48 -22
-30 -22  50 35   49 -22
-30 -22  50 35   50 -22
